{
 "cells": [
  {
   "cell_type": "code",
   "execution_count": 122,
   "metadata": {},
   "outputs": [
    {
     "name": "stdout",
     "output_type": "stream",
     "text": [
      "[*********************100%***********************]  17 of 17 completed\n"
     ]
    },
    {
     "data": {
      "text/html": [
       "<div>\n",
       "<style scoped>\n",
       "    .dataframe tbody tr th:only-of-type {\n",
       "        vertical-align: middle;\n",
       "    }\n",
       "\n",
       "    .dataframe tbody tr th {\n",
       "        vertical-align: top;\n",
       "    }\n",
       "\n",
       "    .dataframe thead th {\n",
       "        text-align: right;\n",
       "    }\n",
       "</style>\n",
       "<table border=\"1\" class=\"dataframe\">\n",
       "  <thead>\n",
       "    <tr style=\"text-align: right;\">\n",
       "      <th></th>\n",
       "      <th>AAPL</th>\n",
       "      <th>AMD</th>\n",
       "      <th>BAX</th>\n",
       "      <th>BRK-B</th>\n",
       "      <th>DPZ</th>\n",
       "      <th>GME</th>\n",
       "      <th>GOOG</th>\n",
       "      <th>GS</th>\n",
       "      <th>META</th>\n",
       "      <th>MOH</th>\n",
       "      <th>MSFT</th>\n",
       "      <th>NFLX</th>\n",
       "      <th>NKE</th>\n",
       "      <th>SNA</th>\n",
       "      <th>SPY</th>\n",
       "      <th>UNH</th>\n",
       "      <th>XOM</th>\n",
       "    </tr>\n",
       "    <tr>\n",
       "      <th>Date</th>\n",
       "      <th></th>\n",
       "      <th></th>\n",
       "      <th></th>\n",
       "      <th></th>\n",
       "      <th></th>\n",
       "      <th></th>\n",
       "      <th></th>\n",
       "      <th></th>\n",
       "      <th></th>\n",
       "      <th></th>\n",
       "      <th></th>\n",
       "      <th></th>\n",
       "      <th></th>\n",
       "      <th></th>\n",
       "      <th></th>\n",
       "      <th></th>\n",
       "      <th></th>\n",
       "    </tr>\n",
       "  </thead>\n",
       "  <tbody>\n",
       "    <tr>\n",
       "      <th>2023-06-14</th>\n",
       "      <td>183.949997</td>\n",
       "      <td>127.330002</td>\n",
       "      <td>43.450001</td>\n",
       "      <td>335.899994</td>\n",
       "      <td>305.720001</td>\n",
       "      <td>25.700001</td>\n",
       "      <td>124.379997</td>\n",
       "      <td>338.420013</td>\n",
       "      <td>273.350006</td>\n",
       "      <td>275.489990</td>\n",
       "      <td>337.339996</td>\n",
       "      <td>440.859985</td>\n",
       "      <td>112.860001</td>\n",
       "      <td>271.779999</td>\n",
       "      <td>435.562042</td>\n",
       "      <td>457.979980</td>\n",
       "      <td>105.160004</td>\n",
       "    </tr>\n",
       "    <tr>\n",
       "      <th>2023-06-15</th>\n",
       "      <td>186.009995</td>\n",
       "      <td>124.239998</td>\n",
       "      <td>44.459999</td>\n",
       "      <td>339.820007</td>\n",
       "      <td>325.459991</td>\n",
       "      <td>24.840000</td>\n",
       "      <td>125.790001</td>\n",
       "      <td>339.739990</td>\n",
       "      <td>281.829987</td>\n",
       "      <td>283.809998</td>\n",
       "      <td>348.100006</td>\n",
       "      <td>445.269989</td>\n",
       "      <td>112.410004</td>\n",
       "      <td>274.269989</td>\n",
       "      <td>440.962006</td>\n",
       "      <td>465.890015</td>\n",
       "      <td>105.889999</td>\n",
       "    </tr>\n",
       "    <tr>\n",
       "      <th>2023-06-16</th>\n",
       "      <td>184.919998</td>\n",
       "      <td>120.080002</td>\n",
       "      <td>45.360001</td>\n",
       "      <td>338.309998</td>\n",
       "      <td>331.410004</td>\n",
       "      <td>24.559999</td>\n",
       "      <td>124.059998</td>\n",
       "      <td>338.309998</td>\n",
       "      <td>281.000000</td>\n",
       "      <td>278.019989</td>\n",
       "      <td>342.329987</td>\n",
       "      <td>431.959991</td>\n",
       "      <td>113.589996</td>\n",
       "      <td>273.869995</td>\n",
       "      <td>439.459991</td>\n",
       "      <td>458.489990</td>\n",
       "      <td>105.129997</td>\n",
       "    </tr>\n",
       "    <tr>\n",
       "      <th>2023-06-20</th>\n",
       "      <td>185.009995</td>\n",
       "      <td>118.930000</td>\n",
       "      <td>44.939999</td>\n",
       "      <td>338.670013</td>\n",
       "      <td>325.540009</td>\n",
       "      <td>24.580000</td>\n",
       "      <td>123.849998</td>\n",
       "      <td>330.720001</td>\n",
       "      <td>284.329987</td>\n",
       "      <td>278.809998</td>\n",
       "      <td>338.049988</td>\n",
       "      <td>434.700012</td>\n",
       "      <td>109.540001</td>\n",
       "      <td>273.019989</td>\n",
       "      <td>437.179993</td>\n",
       "      <td>469.390015</td>\n",
       "      <td>102.720001</td>\n",
       "    </tr>\n",
       "    <tr>\n",
       "      <th>2023-06-21</th>\n",
       "      <td>183.960007</td>\n",
       "      <td>112.110001</td>\n",
       "      <td>44.840000</td>\n",
       "      <td>338.609985</td>\n",
       "      <td>323.109985</td>\n",
       "      <td>24.430000</td>\n",
       "      <td>121.260002</td>\n",
       "      <td>325.070007</td>\n",
       "      <td>281.640015</td>\n",
       "      <td>283.000000</td>\n",
       "      <td>333.559998</td>\n",
       "      <td>424.450012</td>\n",
       "      <td>109.980003</td>\n",
       "      <td>272.880005</td>\n",
       "      <td>434.940002</td>\n",
       "      <td>476.750000</td>\n",
       "      <td>103.870003</td>\n",
       "    </tr>\n",
       "  </tbody>\n",
       "</table>\n",
       "</div>"
      ],
      "text/plain": [
       "                  AAPL         AMD        BAX       BRK-B         DPZ  \\\n",
       "Date                                                                    \n",
       "2023-06-14  183.949997  127.330002  43.450001  335.899994  305.720001   \n",
       "2023-06-15  186.009995  124.239998  44.459999  339.820007  325.459991   \n",
       "2023-06-16  184.919998  120.080002  45.360001  338.309998  331.410004   \n",
       "2023-06-20  185.009995  118.930000  44.939999  338.670013  325.540009   \n",
       "2023-06-21  183.960007  112.110001  44.840000  338.609985  323.109985   \n",
       "\n",
       "                  GME        GOOG          GS        META         MOH  \\\n",
       "Date                                                                    \n",
       "2023-06-14  25.700001  124.379997  338.420013  273.350006  275.489990   \n",
       "2023-06-15  24.840000  125.790001  339.739990  281.829987  283.809998   \n",
       "2023-06-16  24.559999  124.059998  338.309998  281.000000  278.019989   \n",
       "2023-06-20  24.580000  123.849998  330.720001  284.329987  278.809998   \n",
       "2023-06-21  24.430000  121.260002  325.070007  281.640015  283.000000   \n",
       "\n",
       "                  MSFT        NFLX         NKE         SNA         SPY  \\\n",
       "Date                                                                     \n",
       "2023-06-14  337.339996  440.859985  112.860001  271.779999  435.562042   \n",
       "2023-06-15  348.100006  445.269989  112.410004  274.269989  440.962006   \n",
       "2023-06-16  342.329987  431.959991  113.589996  273.869995  439.459991   \n",
       "2023-06-20  338.049988  434.700012  109.540001  273.019989  437.179993   \n",
       "2023-06-21  333.559998  424.450012  109.980003  272.880005  434.940002   \n",
       "\n",
       "                   UNH         XOM  \n",
       "Date                                \n",
       "2023-06-14  457.979980  105.160004  \n",
       "2023-06-15  465.890015  105.889999  \n",
       "2023-06-16  458.489990  105.129997  \n",
       "2023-06-20  469.390015  102.720001  \n",
       "2023-06-21  476.750000  103.870003  "
      ]
     },
     "execution_count": 122,
     "metadata": {},
     "output_type": "execute_result"
    }
   ],
   "source": [
    "import pandas as pd\n",
    "import numpy as np\n",
    "import matplotlib.pyplot as plt\n",
    "import datetime as dt\n",
    "from datetime import datetime\n",
    "import yfinance as yf\n",
    "import pandas_datareader as pdr\n",
    "\n",
    "tickers = [\"DPZ\", \"AAPL\", \"GOOG\", \"AMD\", \"GME\", \"SPY\", \"NFLX\", \"UNH\",\n",
    "           \"META\",\"SNA\",\"GS\",\"XOM\",\"NKE\",\"BAX\", \"MOH\",\"BRK-B\", \"MSFT\"] \n",
    "\n",
    "df = yf.download(tickers, datetime(2022, 6, 17), datetime.now())\n",
    "df = df['Adj Close']\n",
    "df.tail()\n"
   ]
  },
  {
   "cell_type": "code",
   "execution_count": null,
   "metadata": {},
   "outputs": [],
   "source": [
    "from statsmodels.tsa.stattools import adfuller\n",
    "def stationarity(x, cutoff=0.01):\n",
    "    pvalue = adfuller(x)[1]\n",
    "    if pvalue < cutoff:\n",
    "        print('The pvalue is: ', pvalue, x.name, ' is likely stationary')\n",
    "    else:\n",
    "        print('The pvalue is: ', pvalue, x.name, ' is likely non stationary')"
   ]
  },
  {
   "cell_type": "code",
   "execution_count": 123,
   "metadata": {},
   "outputs": [
    {
     "data": {
      "text/html": [
       "<div>\n",
       "<style scoped>\n",
       "    .dataframe tbody tr th:only-of-type {\n",
       "        vertical-align: middle;\n",
       "    }\n",
       "\n",
       "    .dataframe tbody tr th {\n",
       "        vertical-align: top;\n",
       "    }\n",
       "\n",
       "    .dataframe thead th {\n",
       "        text-align: right;\n",
       "    }\n",
       "</style>\n",
       "<table border=\"1\" class=\"dataframe\">\n",
       "  <thead>\n",
       "    <tr style=\"text-align: right;\">\n",
       "      <th></th>\n",
       "      <th>AAPL</th>\n",
       "      <th>AMD</th>\n",
       "      <th>BAX</th>\n",
       "      <th>BRK-B</th>\n",
       "      <th>DPZ</th>\n",
       "      <th>GME</th>\n",
       "      <th>GOOG</th>\n",
       "      <th>GS</th>\n",
       "      <th>META</th>\n",
       "      <th>MOH</th>\n",
       "      <th>MSFT</th>\n",
       "      <th>NFLX</th>\n",
       "      <th>NKE</th>\n",
       "      <th>SNA</th>\n",
       "      <th>SPY</th>\n",
       "      <th>UNH</th>\n",
       "      <th>XOM</th>\n",
       "    </tr>\n",
       "  </thead>\n",
       "  <tbody>\n",
       "    <tr>\n",
       "      <th>AAPL</th>\n",
       "      <td>1.000000</td>\n",
       "      <td>0.867357</td>\n",
       "      <td>-0.283274</td>\n",
       "      <td>0.500009</td>\n",
       "      <td>-0.238470</td>\n",
       "      <td>0.148504</td>\n",
       "      <td>0.759986</td>\n",
       "      <td>-0.009821</td>\n",
       "      <td>0.830632</td>\n",
       "      <td>-0.276050</td>\n",
       "      <td>0.904140</td>\n",
       "      <td>0.428880</td>\n",
       "      <td>0.214299</td>\n",
       "      <td>0.548743</td>\n",
       "      <td>0.807092</td>\n",
       "      <td>-0.194651</td>\n",
       "      <td>0.087796</td>\n",
       "    </tr>\n",
       "    <tr>\n",
       "      <th>AMD</th>\n",
       "      <td>0.867357</td>\n",
       "      <td>1.000000</td>\n",
       "      <td>-0.314094</td>\n",
       "      <td>0.529400</td>\n",
       "      <td>-0.139324</td>\n",
       "      <td>0.150280</td>\n",
       "      <td>0.800144</td>\n",
       "      <td>-0.046492</td>\n",
       "      <td>0.881279</td>\n",
       "      <td>-0.553973</td>\n",
       "      <td>0.927987</td>\n",
       "      <td>0.441462</td>\n",
       "      <td>0.362108</td>\n",
       "      <td>0.545900</td>\n",
       "      <td>0.829042</td>\n",
       "      <td>-0.375724</td>\n",
       "      <td>0.021889</td>\n",
       "    </tr>\n",
       "    <tr>\n",
       "      <th>BAX</th>\n",
       "      <td>-0.283274</td>\n",
       "      <td>-0.314094</td>\n",
       "      <td>1.000000</td>\n",
       "      <td>-0.680420</td>\n",
       "      <td>0.742135</td>\n",
       "      <td>0.791951</td>\n",
       "      <td>0.193686</td>\n",
       "      <td>-0.363185</td>\n",
       "      <td>-0.467598</td>\n",
       "      <td>0.480202</td>\n",
       "      <td>-0.348719</td>\n",
       "      <td>-0.836545</td>\n",
       "      <td>-0.558648</td>\n",
       "      <td>-0.799163</td>\n",
       "      <td>-0.443972</td>\n",
       "      <td>0.634575</td>\n",
       "      <td>-0.778923</td>\n",
       "    </tr>\n",
       "    <tr>\n",
       "      <th>BRK-B</th>\n",
       "      <td>0.500009</td>\n",
       "      <td>0.529400</td>\n",
       "      <td>-0.680420</td>\n",
       "      <td>1.000000</td>\n",
       "      <td>-0.357161</td>\n",
       "      <td>-0.484652</td>\n",
       "      <td>0.147103</td>\n",
       "      <td>0.592339</td>\n",
       "      <td>0.553408</td>\n",
       "      <td>-0.394939</td>\n",
       "      <td>0.612181</td>\n",
       "      <td>0.870028</td>\n",
       "      <td>0.632923</td>\n",
       "      <td>0.932010</td>\n",
       "      <td>0.807853</td>\n",
       "      <td>-0.344467</td>\n",
       "      <td>0.740696</td>\n",
       "    </tr>\n",
       "    <tr>\n",
       "      <th>DPZ</th>\n",
       "      <td>-0.238470</td>\n",
       "      <td>-0.139324</td>\n",
       "      <td>0.742135</td>\n",
       "      <td>-0.357161</td>\n",
       "      <td>1.000000</td>\n",
       "      <td>0.715233</td>\n",
       "      <td>0.141052</td>\n",
       "      <td>0.047906</td>\n",
       "      <td>-0.413950</td>\n",
       "      <td>0.230265</td>\n",
       "      <td>-0.257818</td>\n",
       "      <td>-0.591473</td>\n",
       "      <td>-0.060900</td>\n",
       "      <td>-0.517251</td>\n",
       "      <td>-0.091026</td>\n",
       "      <td>0.541616</td>\n",
       "      <td>-0.492441</td>\n",
       "    </tr>\n",
       "    <tr>\n",
       "      <th>GME</th>\n",
       "      <td>0.148504</td>\n",
       "      <td>0.150280</td>\n",
       "      <td>0.791951</td>\n",
       "      <td>-0.484652</td>\n",
       "      <td>0.715233</td>\n",
       "      <td>1.000000</td>\n",
       "      <td>0.533077</td>\n",
       "      <td>-0.321501</td>\n",
       "      <td>-0.119447</td>\n",
       "      <td>0.255300</td>\n",
       "      <td>0.027577</td>\n",
       "      <td>-0.633236</td>\n",
       "      <td>-0.395932</td>\n",
       "      <td>-0.568948</td>\n",
       "      <td>-0.043808</td>\n",
       "      <td>0.504301</td>\n",
       "      <td>-0.746449</td>\n",
       "    </tr>\n",
       "    <tr>\n",
       "      <th>GOOG</th>\n",
       "      <td>0.759986</td>\n",
       "      <td>0.800144</td>\n",
       "      <td>0.193686</td>\n",
       "      <td>0.147103</td>\n",
       "      <td>0.141052</td>\n",
       "      <td>0.533077</td>\n",
       "      <td>1.000000</td>\n",
       "      <td>-0.363403</td>\n",
       "      <td>0.699785</td>\n",
       "      <td>-0.256533</td>\n",
       "      <td>0.791830</td>\n",
       "      <td>0.019984</td>\n",
       "      <td>0.003425</td>\n",
       "      <td>0.113897</td>\n",
       "      <td>0.562706</td>\n",
       "      <td>-0.084528</td>\n",
       "      <td>-0.391897</td>\n",
       "    </tr>\n",
       "    <tr>\n",
       "      <th>GS</th>\n",
       "      <td>-0.009821</td>\n",
       "      <td>-0.046492</td>\n",
       "      <td>-0.363185</td>\n",
       "      <td>0.592339</td>\n",
       "      <td>0.047906</td>\n",
       "      <td>-0.321501</td>\n",
       "      <td>-0.363403</td>\n",
       "      <td>1.000000</td>\n",
       "      <td>-0.183208</td>\n",
       "      <td>0.142004</td>\n",
       "      <td>-0.071306</td>\n",
       "      <td>0.529079</td>\n",
       "      <td>0.390281</td>\n",
       "      <td>0.572782</td>\n",
       "      <td>0.422656</td>\n",
       "      <td>0.111646</td>\n",
       "      <td>0.698036</td>\n",
       "    </tr>\n",
       "    <tr>\n",
       "      <th>META</th>\n",
       "      <td>0.830632</td>\n",
       "      <td>0.881279</td>\n",
       "      <td>-0.467598</td>\n",
       "      <td>0.553408</td>\n",
       "      <td>-0.413950</td>\n",
       "      <td>-0.119447</td>\n",
       "      <td>0.699785</td>\n",
       "      <td>-0.183208</td>\n",
       "      <td>1.000000</td>\n",
       "      <td>-0.638356</td>\n",
       "      <td>0.934922</td>\n",
       "      <td>0.523488</td>\n",
       "      <td>0.414519</td>\n",
       "      <td>0.610709</td>\n",
       "      <td>0.735354</td>\n",
       "      <td>-0.579704</td>\n",
       "      <td>0.140413</td>\n",
       "    </tr>\n",
       "    <tr>\n",
       "      <th>MOH</th>\n",
       "      <td>-0.276050</td>\n",
       "      <td>-0.553973</td>\n",
       "      <td>0.480202</td>\n",
       "      <td>-0.394939</td>\n",
       "      <td>0.230265</td>\n",
       "      <td>0.255300</td>\n",
       "      <td>-0.256533</td>\n",
       "      <td>0.142004</td>\n",
       "      <td>-0.638356</td>\n",
       "      <td>1.000000</td>\n",
       "      <td>-0.481268</td>\n",
       "      <td>-0.344688</td>\n",
       "      <td>-0.569282</td>\n",
       "      <td>-0.404995</td>\n",
       "      <td>-0.379677</td>\n",
       "      <td>0.788919</td>\n",
       "      <td>-0.179373</td>\n",
       "    </tr>\n",
       "    <tr>\n",
       "      <th>MSFT</th>\n",
       "      <td>0.904140</td>\n",
       "      <td>0.927987</td>\n",
       "      <td>-0.348719</td>\n",
       "      <td>0.612181</td>\n",
       "      <td>-0.257818</td>\n",
       "      <td>0.027577</td>\n",
       "      <td>0.791830</td>\n",
       "      <td>-0.071306</td>\n",
       "      <td>0.934922</td>\n",
       "      <td>-0.481268</td>\n",
       "      <td>1.000000</td>\n",
       "      <td>0.509676</td>\n",
       "      <td>0.339281</td>\n",
       "      <td>0.613652</td>\n",
       "      <td>0.830472</td>\n",
       "      <td>-0.348071</td>\n",
       "      <td>0.112110</td>\n",
       "    </tr>\n",
       "    <tr>\n",
       "      <th>NFLX</th>\n",
       "      <td>0.428880</td>\n",
       "      <td>0.441462</td>\n",
       "      <td>-0.836545</td>\n",
       "      <td>0.870028</td>\n",
       "      <td>-0.591473</td>\n",
       "      <td>-0.633236</td>\n",
       "      <td>0.019984</td>\n",
       "      <td>0.529079</td>\n",
       "      <td>0.523488</td>\n",
       "      <td>-0.344688</td>\n",
       "      <td>0.509676</td>\n",
       "      <td>1.000000</td>\n",
       "      <td>0.499951</td>\n",
       "      <td>0.912623</td>\n",
       "      <td>0.672306</td>\n",
       "      <td>-0.472977</td>\n",
       "      <td>0.793681</td>\n",
       "    </tr>\n",
       "    <tr>\n",
       "      <th>NKE</th>\n",
       "      <td>0.214299</td>\n",
       "      <td>0.362108</td>\n",
       "      <td>-0.558648</td>\n",
       "      <td>0.632923</td>\n",
       "      <td>-0.060900</td>\n",
       "      <td>-0.395932</td>\n",
       "      <td>0.003425</td>\n",
       "      <td>0.390281</td>\n",
       "      <td>0.414519</td>\n",
       "      <td>-0.569282</td>\n",
       "      <td>0.339281</td>\n",
       "      <td>0.499951</td>\n",
       "      <td>1.000000</td>\n",
       "      <td>0.610795</td>\n",
       "      <td>0.599527</td>\n",
       "      <td>-0.478211</td>\n",
       "      <td>0.495908</td>\n",
       "    </tr>\n",
       "    <tr>\n",
       "      <th>SNA</th>\n",
       "      <td>0.548743</td>\n",
       "      <td>0.545900</td>\n",
       "      <td>-0.799163</td>\n",
       "      <td>0.932010</td>\n",
       "      <td>-0.517251</td>\n",
       "      <td>-0.568948</td>\n",
       "      <td>0.113897</td>\n",
       "      <td>0.572782</td>\n",
       "      <td>0.610709</td>\n",
       "      <td>-0.404995</td>\n",
       "      <td>0.613652</td>\n",
       "      <td>0.912623</td>\n",
       "      <td>0.610795</td>\n",
       "      <td>1.000000</td>\n",
       "      <td>0.788091</td>\n",
       "      <td>-0.492887</td>\n",
       "      <td>0.754409</td>\n",
       "    </tr>\n",
       "    <tr>\n",
       "      <th>SPY</th>\n",
       "      <td>0.807092</td>\n",
       "      <td>0.829042</td>\n",
       "      <td>-0.443972</td>\n",
       "      <td>0.807853</td>\n",
       "      <td>-0.091026</td>\n",
       "      <td>-0.043808</td>\n",
       "      <td>0.562706</td>\n",
       "      <td>0.422656</td>\n",
       "      <td>0.735354</td>\n",
       "      <td>-0.379677</td>\n",
       "      <td>0.830472</td>\n",
       "      <td>0.672306</td>\n",
       "      <td>0.599527</td>\n",
       "      <td>0.788091</td>\n",
       "      <td>1.000000</td>\n",
       "      <td>-0.246585</td>\n",
       "      <td>0.396755</td>\n",
       "    </tr>\n",
       "    <tr>\n",
       "      <th>UNH</th>\n",
       "      <td>-0.194651</td>\n",
       "      <td>-0.375724</td>\n",
       "      <td>0.634575</td>\n",
       "      <td>-0.344467</td>\n",
       "      <td>0.541616</td>\n",
       "      <td>0.504301</td>\n",
       "      <td>-0.084528</td>\n",
       "      <td>0.111646</td>\n",
       "      <td>-0.579704</td>\n",
       "      <td>0.788919</td>\n",
       "      <td>-0.348071</td>\n",
       "      <td>-0.472977</td>\n",
       "      <td>-0.478211</td>\n",
       "      <td>-0.492887</td>\n",
       "      <td>-0.246585</td>\n",
       "      <td>1.000000</td>\n",
       "      <td>-0.292825</td>\n",
       "    </tr>\n",
       "    <tr>\n",
       "      <th>XOM</th>\n",
       "      <td>0.087796</td>\n",
       "      <td>0.021889</td>\n",
       "      <td>-0.778923</td>\n",
       "      <td>0.740696</td>\n",
       "      <td>-0.492441</td>\n",
       "      <td>-0.746449</td>\n",
       "      <td>-0.391897</td>\n",
       "      <td>0.698036</td>\n",
       "      <td>0.140413</td>\n",
       "      <td>-0.179373</td>\n",
       "      <td>0.112110</td>\n",
       "      <td>0.793681</td>\n",
       "      <td>0.495908</td>\n",
       "      <td>0.754409</td>\n",
       "      <td>0.396755</td>\n",
       "      <td>-0.292825</td>\n",
       "      <td>1.000000</td>\n",
       "    </tr>\n",
       "  </tbody>\n",
       "</table>\n",
       "</div>"
      ],
      "text/plain": [
       "           AAPL       AMD       BAX     BRK-B       DPZ       GME      GOOG  \\\n",
       "AAPL   1.000000  0.867357 -0.283274  0.500009 -0.238470  0.148504  0.759986   \n",
       "AMD    0.867357  1.000000 -0.314094  0.529400 -0.139324  0.150280  0.800144   \n",
       "BAX   -0.283274 -0.314094  1.000000 -0.680420  0.742135  0.791951  0.193686   \n",
       "BRK-B  0.500009  0.529400 -0.680420  1.000000 -0.357161 -0.484652  0.147103   \n",
       "DPZ   -0.238470 -0.139324  0.742135 -0.357161  1.000000  0.715233  0.141052   \n",
       "GME    0.148504  0.150280  0.791951 -0.484652  0.715233  1.000000  0.533077   \n",
       "GOOG   0.759986  0.800144  0.193686  0.147103  0.141052  0.533077  1.000000   \n",
       "GS    -0.009821 -0.046492 -0.363185  0.592339  0.047906 -0.321501 -0.363403   \n",
       "META   0.830632  0.881279 -0.467598  0.553408 -0.413950 -0.119447  0.699785   \n",
       "MOH   -0.276050 -0.553973  0.480202 -0.394939  0.230265  0.255300 -0.256533   \n",
       "MSFT   0.904140  0.927987 -0.348719  0.612181 -0.257818  0.027577  0.791830   \n",
       "NFLX   0.428880  0.441462 -0.836545  0.870028 -0.591473 -0.633236  0.019984   \n",
       "NKE    0.214299  0.362108 -0.558648  0.632923 -0.060900 -0.395932  0.003425   \n",
       "SNA    0.548743  0.545900 -0.799163  0.932010 -0.517251 -0.568948  0.113897   \n",
       "SPY    0.807092  0.829042 -0.443972  0.807853 -0.091026 -0.043808  0.562706   \n",
       "UNH   -0.194651 -0.375724  0.634575 -0.344467  0.541616  0.504301 -0.084528   \n",
       "XOM    0.087796  0.021889 -0.778923  0.740696 -0.492441 -0.746449 -0.391897   \n",
       "\n",
       "             GS      META       MOH      MSFT      NFLX       NKE       SNA  \\\n",
       "AAPL  -0.009821  0.830632 -0.276050  0.904140  0.428880  0.214299  0.548743   \n",
       "AMD   -0.046492  0.881279 -0.553973  0.927987  0.441462  0.362108  0.545900   \n",
       "BAX   -0.363185 -0.467598  0.480202 -0.348719 -0.836545 -0.558648 -0.799163   \n",
       "BRK-B  0.592339  0.553408 -0.394939  0.612181  0.870028  0.632923  0.932010   \n",
       "DPZ    0.047906 -0.413950  0.230265 -0.257818 -0.591473 -0.060900 -0.517251   \n",
       "GME   -0.321501 -0.119447  0.255300  0.027577 -0.633236 -0.395932 -0.568948   \n",
       "GOOG  -0.363403  0.699785 -0.256533  0.791830  0.019984  0.003425  0.113897   \n",
       "GS     1.000000 -0.183208  0.142004 -0.071306  0.529079  0.390281  0.572782   \n",
       "META  -0.183208  1.000000 -0.638356  0.934922  0.523488  0.414519  0.610709   \n",
       "MOH    0.142004 -0.638356  1.000000 -0.481268 -0.344688 -0.569282 -0.404995   \n",
       "MSFT  -0.071306  0.934922 -0.481268  1.000000  0.509676  0.339281  0.613652   \n",
       "NFLX   0.529079  0.523488 -0.344688  0.509676  1.000000  0.499951  0.912623   \n",
       "NKE    0.390281  0.414519 -0.569282  0.339281  0.499951  1.000000  0.610795   \n",
       "SNA    0.572782  0.610709 -0.404995  0.613652  0.912623  0.610795  1.000000   \n",
       "SPY    0.422656  0.735354 -0.379677  0.830472  0.672306  0.599527  0.788091   \n",
       "UNH    0.111646 -0.579704  0.788919 -0.348071 -0.472977 -0.478211 -0.492887   \n",
       "XOM    0.698036  0.140413 -0.179373  0.112110  0.793681  0.495908  0.754409   \n",
       "\n",
       "            SPY       UNH       XOM  \n",
       "AAPL   0.807092 -0.194651  0.087796  \n",
       "AMD    0.829042 -0.375724  0.021889  \n",
       "BAX   -0.443972  0.634575 -0.778923  \n",
       "BRK-B  0.807853 -0.344467  0.740696  \n",
       "DPZ   -0.091026  0.541616 -0.492441  \n",
       "GME   -0.043808  0.504301 -0.746449  \n",
       "GOOG   0.562706 -0.084528 -0.391897  \n",
       "GS     0.422656  0.111646  0.698036  \n",
       "META   0.735354 -0.579704  0.140413  \n",
       "MOH   -0.379677  0.788919 -0.179373  \n",
       "MSFT   0.830472 -0.348071  0.112110  \n",
       "NFLX   0.672306 -0.472977  0.793681  \n",
       "NKE    0.599527 -0.478211  0.495908  \n",
       "SNA    0.788091 -0.492887  0.754409  \n",
       "SPY    1.000000 -0.246585  0.396755  \n",
       "UNH   -0.246585  1.000000 -0.292825  \n",
       "XOM    0.396755 -0.292825  1.000000  "
      ]
     },
     "execution_count": 123,
     "metadata": {},
     "output_type": "execute_result"
    }
   ],
   "source": [
    "df_corr = df.corr()\n",
    "df_corr"
   ]
  },
  {
   "attachments": {},
   "cell_type": "markdown",
   "metadata": {},
   "source": [
    "<h3><li> Select higher correletion stocks </li></h3>"
   ]
  },
  {
   "cell_type": "code",
   "execution_count": 124,
   "metadata": {},
   "outputs": [
    {
     "data": {
      "text/plain": [
       "<Axes: >"
      ]
     },
     "execution_count": 124,
     "metadata": {},
     "output_type": "execute_result"
    },
    {
     "data": {
