{
 "cells": [
  {
   "cell_type": "code",
   "execution_count": 19,
   "metadata": {},
   "outputs": [
    {
     "name": "stdout",
     "output_type": "stream",
     "text": [
      "[*********************100%***********************]  17 of 17 completed\n"
     ]
    },
    {
     "data": {
      "text/html": [
       "<div>\n",
       "<style scoped>\n",
       "    .dataframe tbody tr th:only-of-type {\n",
       "        vertical-align: middle;\n",
       "    }\n",
       "\n",
       "    .dataframe tbody tr th {\n",
       "        vertical-align: top;\n",
       "    }\n",
       "\n",
       "    .dataframe thead th {\n",
       "        text-align: right;\n",
       "    }\n",
       "</style>\n",
       "<table border=\"1\" class=\"dataframe\">\n",
       "  <thead>\n",
       "    <tr style=\"text-align: right;\">\n",
       "      <th></th>\n",
       "      <th>AAPL</th>\n",
       "      <th>AMD</th>\n",
       "      <th>BA</th>\n",
       "      <th>BAX</th>\n",
       "      <th>BRK-B</th>\n",
       "      <th>DPZ</th>\n",
       "      <th>GME</th>\n",
       "      <th>GOOG</th>\n",
       "      <th>GS</th>\n",
       "      <th>MOH</th>\n",
       "      <th>MSFT</th>\n",
       "      <th>NFLX</th>\n",
       "      <th>NKE</th>\n",
       "      <th>SNA</th>\n",
       "      <th>SPY</th>\n",
       "      <th>WMT</th>\n",
       "      <th>XOM</th>\n",
       "    </tr>\n",
       "    <tr>\n",
       "      <th>Date</th>\n",
       "      <th></th>\n",
       "      <th></th>\n",
       "      <th></th>\n",
       "      <th></th>\n",
       "      <th></th>\n",
       "      <th></th>\n",
       "      <th></th>\n",
       "      <th></th>\n",
       "      <th></th>\n",
       "      <th></th>\n",
       "      <th></th>\n",
       "      <th></th>\n",
       "      <th></th>\n",
       "      <th></th>\n",
       "      <th></th>\n",
       "      <th></th>\n",
       "      <th></th>\n",
       "    </tr>\n",
       "  </thead>\n",
       "  <tbody>\n",
       "    <tr>\n",
       "      <th>2023-06-12</th>\n",
       "      <td>183.789993</td>\n",
       "      <td>129.190002</td>\n",
       "      <td>221.559998</td>\n",
       "      <td>42.709999</td>\n",
       "      <td>333.600006</td>\n",
       "      <td>300.650116</td>\n",
       "      <td>24.299999</td>\n",
       "      <td>124.349998</td>\n",
       "      <td>339.489990</td>\n",
       "      <td>288.670013</td>\n",
       "      <td>331.850006</td>\n",
       "      <td>423.970001</td>\n",
       "      <td>106.830002</td>\n",
       "      <td>267.260010</td>\n",
       "      <td>432.194550</td>\n",
       "      <td>154.100006</td>\n",
       "      <td>106.419998</td>\n",
       "    </tr>\n",
       "    <tr>\n",
       "      <th>2023-06-13</th>\n",
       "      <td>183.309998</td>\n",
       "      <td>124.529999</td>\n",
       "      <td>220.380005</td>\n",
       "      <td>43.470001</td>\n",
       "      <td>336.390015</td>\n",
       "      <td>300.680023</td>\n",
       "      <td>26.950001</td>\n",
       "      <td>124.430000</td>\n",
       "      <td>342.500000</td>\n",
       "      <td>290.850006</td>\n",
       "      <td>334.290009</td>\n",
       "      <td>435.730011</td>\n",
       "      <td>106.779999</td>\n",
       "      <td>273.630005</td>\n",
       "      <td>435.043976</td>\n",
       "      <td>155.300003</td>\n",
       "      <td>106.440002</td>\n",
       "    </tr>\n",
       "    <tr>\n",
       "      <th>2023-06-14</th>\n",
       "      <td>183.949997</td>\n",
       "      <td>127.330002</td>\n",
       "      <td>216.899994</td>\n",
       "      <td>43.450001</td>\n",
       "      <td>335.899994</td>\n",
       "      <td>305.720001</td>\n",
       "      <td>25.700001</td>\n",
       "      <td>124.379997</td>\n",
       "      <td>338.420013</td>\n",
       "      <td>275.489990</td>\n",
       "      <td>337.339996</td>\n",
       "      <td>440.859985</td>\n",
       "      <td>112.860001</td>\n",
       "      <td>271.779999</td>\n",
       "      <td>435.562042</td>\n",
       "      <td>156.869995</td>\n",
       "      <td>105.160004</td>\n",
       "    </tr>\n",
       "    <tr>\n",
       "      <th>2023-06-15</th>\n",
       "      <td>186.009995</td>\n",
       "      <td>124.239998</td>\n",
       "      <td>219.410004</td>\n",
       "      <td>44.459999</td>\n",
       "      <td>339.820007</td>\n",
       "      <td>325.459991</td>\n",
       "      <td>24.840000</td>\n",
       "      <td>125.790001</td>\n",
       "      <td>339.739990</td>\n",
       "      <td>283.809998</td>\n",
       "      <td>348.100006</td>\n",
       "      <td>445.269989</td>\n",
       "      <td>112.410004</td>\n",
       "      <td>274.269989</td>\n",
       "      <td>440.962006</td>\n",
       "      <td>157.729996</td>\n",
       "      <td>105.889999</td>\n",
       "    </tr>\n",
       "    <tr>\n",
       "      <th>2023-06-16</th>\n",
       "      <td>184.919998</td>\n",
       "      <td>120.080002</td>\n",
       "      <td>219.990005</td>\n",
       "      <td>45.360001</td>\n",
       "      <td>338.309998</td>\n",
       "      <td>331.410004</td>\n",
       "      <td>24.559999</td>\n",
       "      <td>124.059998</td>\n",
       "      <td>338.309998</td>\n",
       "      <td>278.019989</td>\n",
       "      <td>342.329987</td>\n",
       "      <td>431.959991</td>\n",
       "      <td>113.589996</td>\n",
       "      <td>273.869995</td>\n",
       "      <td>439.459991</td>\n",
       "      <td>155.529999</td>\n",
       "      <td>105.129997</td>\n",
       "    </tr>\n",
       "  </tbody>\n",
       "</table>\n",
       "</div>"
      ],
      "text/plain": [
       "                  AAPL         AMD          BA        BAX       BRK-B  \\\n",
       "Date                                                                    \n",
       "2023-06-12  183.789993  129.190002  221.559998  42.709999  333.600006   \n",
       "2023-06-13  183.309998  124.529999  220.380005  43.470001  336.390015   \n",
       "2023-06-14  183.949997  127.330002  216.899994  43.450001  335.899994   \n",
       "2023-06-15  186.009995  124.239998  219.410004  44.459999  339.820007   \n",
       "2023-06-16  184.919998  120.080002  219.990005  45.360001  338.309998   \n",
       "\n",
       "                   DPZ        GME        GOOG          GS         MOH  \\\n",
       "Date                                                                    \n",
       "2023-06-12  300.650116  24.299999  124.349998  339.489990  288.670013   \n",
       "2023-06-13  300.680023  26.950001  124.430000  342.500000  290.850006   \n",
       "2023-06-14  305.720001  25.700001  124.379997  338.420013  275.489990   \n",
       "2023-06-15  325.459991  24.840000  125.790001  339.739990  283.809998   \n",
       "2023-06-16  331.410004  24.559999  124.059998  338.309998  278.019989   \n",
       "\n",
       "                  MSFT        NFLX         NKE         SNA         SPY  \\\n",
       "Date                                                                     \n",
       "2023-06-12  331.850006  423.970001  106.830002  267.260010  432.194550   \n",
       "2023-06-13  334.290009  435.730011  106.779999  273.630005  435.043976   \n",
       "2023-06-14  337.339996  440.859985  112.860001  271.779999  435.562042   \n",
       "2023-06-15  348.100006  445.269989  112.410004  274.269989  440.962006   \n",
       "2023-06-16  342.329987  431.959991  113.589996  273.869995  439.459991   \n",
       "\n",
       "                   WMT         XOM  \n",
       "Date                                \n",
       "2023-06-12  154.100006  106.419998  \n",
       "2023-06-13  155.300003  106.440002  \n",
       "2023-06-14  156.869995  105.160004  \n",
       "2023-06-15  157.729996  105.889999  \n",
       "2023-06-16  155.529999  105.129997  "
      ]
     },
     "execution_count": 19,
     "metadata": {},
     "output_type": "execute_result"
    }
   ],
   "source": [
    "import pandas as pd\n",
    "import numpy as np\n",
    "import matplotlib.pyplot as plt\n",
    "import datetime as dt\n",
    "from datetime import datetime\n",
    "import yfinance as yf\n",
    "import pandas_datareader as pdr\n",
    "\n",
    "tickers = [\"DPZ\", \"AAPL\", \"GOOG\", \"AMD\", \"GME\", \"SPY\", \"NFLX\", \"BA\",\n",
    "           \"WMT\",\"SNA\",\"GS\",\"XOM\",\"NKE\",\"BAX\", \"MOH\",\"BRK-B\", \"MSFT\"] \n",
    "\n",
    "df = yf.download(tickers, datetime(2022, 6, 17), datetime.now())\n",
    "df = df['Adj Close']\n",
    "df.tail()\n"
   ]
  },
  {
   "cell_type": "code",
   "execution_count": 21,
   "metadata": {},
   "outputs": [
    {
     "data": {
      "text/html": [
       "<div>\n",
       "<style scoped>\n",
       "    .dataframe tbody tr th:only-of-type {\n",
       "        vertical-align: middle;\n",
       "    }\n",
       "\n",
       "    .dataframe tbody tr th {\n",
       "        vertical-align: top;\n",
       "    }\n",
       "\n",
       "    .dataframe thead th {\n",
       "        text-align: right;\n",
       "    }\n",
       "</style>\n",
       "<table border=\"1\" class=\"dataframe\">\n",
       "  <thead>\n",
       "    <tr style=\"text-align: right;\">\n",
       "      <th></th>\n",
       "      <th>AAPL</th>\n",
       "      <th>AMD</th>\n",
       "      <th>BA</th>\n",
       "      <th>BAX</th>\n",
       "      <th>BRK-B</th>\n",
       "      <th>DPZ</th>\n",
       "      <th>GME</th>\n",
       "      <th>GOOG</th>\n",
       "      <th>GS</th>\n",
       "      <th>MOH</th>\n",
       "      <th>MSFT</th>\n",
       "      <th>NFLX</th>\n",
       "      <th>NKE</th>\n",
       "      <th>SNA</th>\n",
       "      <th>SPY</th>\n",
       "      <th>WMT</th>\n",
       "      <th>XOM</th>\n",
       "    </tr>\n",
       "  </thead>\n",
       "  <tbody>\n",
       "    <tr>\n",
       "      <th>AAPL</th>\n",
       "      <td>1.000000</td>\n",
       "      <td>0.862938</td>\n",
       "      <td>0.335727</td>\n",
       "      <td>-0.277961</td>\n",
       "      <td>0.481943</td>\n",
       "      <td>-0.232771</td>\n",
       "      <td>0.153796</td>\n",
       "      <td>0.753880</td>\n",
       "      <td>-0.007986</td>\n",
       "      <td>-0.265088</td>\n",
       "      <td>0.900011</td>\n",
       "      <td>0.405605</td>\n",
       "      <td>0.220669</td>\n",
       "      <td>0.531745</td>\n",
       "      <td>0.798963</td>\n",
       "      <td>0.386076</td>\n",
       "      <td>0.087509</td>\n",
       "    </tr>\n",
       "    <tr>\n",
       "      <th>AMD</th>\n",
       "      <td>0.862938</td>\n",
       "      <td>1.000000</td>\n",
       "      <td>0.468489</td>\n",
       "      <td>-0.309474</td>\n",
       "      <td>0.514469</td>\n",
       "      <td>-0.132231</td>\n",
       "      <td>0.154640</td>\n",
       "      <td>0.795204</td>\n",
       "      <td>-0.045608</td>\n",
       "      <td>-0.549303</td>\n",
       "      <td>0.926001</td>\n",
       "      <td>0.421572</td>\n",
       "      <td>0.369647</td>\n",
       "      <td>0.530948</td>\n",
       "      <td>0.823146</td>\n",
       "      <td>0.295066</td>\n",
       "      <td>0.020497</td>\n",
       "    </tr>\n",
       "    <tr>\n",
       "      <th>BA</th>\n",
       "      <td>0.335727</td>\n",
       "      <td>0.468489</td>\n",
       "      <td>1.000000</td>\n",
       "      <td>-0.843301</td>\n",
       "      <td>0.880666</td>\n",
       "      <td>-0.396765</td>\n",
       "      <td>-0.622070</td>\n",
       "      <td>-0.037729</td>\n",
       "      <td>0.552069</td>\n",
       "      <td>-0.551665</td>\n",
       "      <td>0.473495</td>\n",
       "      <td>0.863456</td>\n",
       "      <td>0.814976</td>\n",
       "      <td>0.888772</td>\n",
       "      <td>0.711808</td>\n",
       "      <td>0.761627</td>\n",
       "      <td>0.769777</td>\n",
       "    </tr>\n",
       "    <tr>\n",
       "      <th>BAX</th>\n",
       "      <td>-0.277961</td>\n",
       "      <td>-0.309474</td>\n",
       "      <td>-0.843301</td>\n",
       "      <td>1.000000</td>\n",
       "      <td>-0.682204</td>\n",
       "      <td>0.741350</td>\n",
       "      <td>0.792646</td>\n",
       "      <td>0.204568</td>\n",
       "      <td>-0.364400</td>\n",
       "      <td>0.477856</td>\n",
       "      <td>-0.345095</td>\n",
       "      <td>-0.843255</td>\n",
       "      <td>-0.560145</td>\n",
       "      <td>-0.803660</td>\n",
       "      <td>-0.442384</td>\n",
       "      <td>-0.711555</td>\n",
       "      <td>-0.779646</td>\n",
       "    </tr>\n",
       "    <tr>\n",
       "      <th>BRK-B</th>\n",
       "      <td>0.481943</td>\n",
       "      <td>0.514469</td>\n",
       "      <td>0.880666</td>\n",
       "      <td>-0.682204</td>\n",
       "      <td>1.000000</td>\n",
       "      <td>-0.353732</td>\n",
       "      <td>-0.490431</td>\n",
       "      <td>0.124463</td>\n",
       "      <td>0.603726</td>\n",
       "      <td>-0.387156</td>\n",
       "      <td>0.597396</td>\n",
       "      <td>0.865546</td>\n",
       "      <td>0.644872</td>\n",
       "      <td>0.929751</td>\n",
       "      <td>0.800990</td>\n",
       "      <td>0.883638</td>\n",
       "      <td>0.750755</td>\n",
       "    </tr>\n",
       "    <tr>\n",
       "      <th>DPZ</th>\n",
       "      <td>-0.232771</td>\n",
       "      <td>-0.132231</td>\n",
       "      <td>-0.396765</td>\n",
       "      <td>0.741350</td>\n",
       "      <td>-0.353732</td>\n",
       "      <td>1.000000</td>\n",
       "      <td>0.715711</td>\n",
       "      <td>0.150755</td>\n",
       "      <td>0.047396</td>\n",
       "      <td>0.226813</td>\n",
       "      <td>-0.252546</td>\n",
       "      <td>-0.593406</td>\n",
       "      <td>-0.061519</td>\n",
       "      <td>-0.516903</td>\n",
       "      <td>-0.081913</td>\n",
       "      <td>-0.490834</td>\n",
       "      <td>-0.492617</td>\n",
       "    </tr>\n",
       "    <tr>\n",
       "      <th>GME</th>\n",
       "      <td>0.153796</td>\n",
       "      <td>0.154640</td>\n",
       "      <td>-0.622070</td>\n",
       "      <td>0.792646</td>\n",
       "      <td>-0.490431</td>\n",
       "      <td>0.715711</td>\n",
       "      <td>1.000000</td>\n",
       "      <td>0.540617</td>\n",
       "      <td>-0.321681</td>\n",
       "      <td>0.255318</td>\n",
       "      <td>0.030678</td>\n",
       "      <td>-0.643732</td>\n",
       "      <td>-0.396086</td>\n",
       "      <td>-0.576727</td>\n",
       "      <td>-0.042421</td>\n",
       "      <td>-0.622748</td>\n",
       "      <td>-0.746425</td>\n",
       "    </tr>\n",
       "    <tr>\n",
       "      <th>GOOG</th>\n",
       "      <td>0.753880</td>\n",
       "      <td>0.795204</td>\n",
       "      <td>-0.037729</td>\n",
       "      <td>0.204568</td>\n",
       "      <td>0.124463</td>\n",
       "      <td>0.150755</td>\n",
       "      <td>0.540617</td>\n",
       "      <td>1.000000</td>\n",
       "      <td>-0.366027</td>\n",
       "      <td>-0.247372</td>\n",
       "      <td>0.786978</td>\n",
       "      <td>-0.009288</td>\n",
       "      <td>0.004947</td>\n",
       "      <td>0.089454</td>\n",
       "      <td>0.550168</td>\n",
       "      <td>-0.084597</td>\n",
       "      <td>-0.397704</td>\n",
       "    </tr>\n",
       "    <tr>\n",
       "      <th>GS</th>\n",
       "      <td>-0.007986</td>\n",
       "      <td>-0.045608</td>\n",
       "      <td>0.552069</td>\n",
       "      <td>-0.364400</td>\n",
       "      <td>0.603726</td>\n",
       "      <td>0.047396</td>\n",
       "      <td>-0.321681</td>\n",
       "      <td>-0.366027</td>\n",
       "      <td>1.000000</td>\n",
       "      <td>0.141737</td>\n",
       "      <td>-0.070835</td>\n",
       "      <td>0.541729</td>\n",
       "      <td>0.390258</td>\n",
       "      <td>0.584652</td>\n",
       "      <td>0.433861</td>\n",
       "      <td>0.610449</td>\n",
       "      <td>0.698313</td>\n",
       "    </tr>\n",
       "    <tr>\n",
       "      <th>MOH</th>\n",
       "      <td>-0.265088</td>\n",
       "      <td>-0.549303</td>\n",
       "      <td>-0.551665</td>\n",
       "      <td>0.477856</td>\n",
       "      <td>-0.387156</td>\n",
       "      <td>0.226813</td>\n",
       "      <td>0.255318</td>\n",
       "      <td>-0.247372</td>\n",
       "      <td>0.141737</td>\n",
       "      <td>1.000000</td>\n",
       "      <td>-0.475458</td>\n",
       "      <td>-0.335390</td>\n",
       "      <td>-0.572344</td>\n",
       "      <td>-0.397315</td>\n",
       "      <td>-0.371149</td>\n",
       "      <td>-0.175626</td>\n",
       "      <td>-0.179201</td>\n",
       "    </tr>\n",
       "    <tr>\n",
       "      <th>MSFT</th>\n",
       "      <td>0.900011</td>\n",
       "      <td>0.926001</td>\n",
       "      <td>0.473495</td>\n",
       "      <td>-0.345095</td>\n",
       "      <td>0.597396</td>\n",
       "      <td>-0.252546</td>\n",
       "      <td>0.030678</td>\n",
       "      <td>0.786978</td>\n",
       "      <td>-0.070835</td>\n",
       "      <td>-0.475458</td>\n",
       "      <td>1.000000</td>\n",
       "      <td>0.488148</td>\n",
       "      <td>0.349507</td>\n",
       "      <td>0.598180</td>\n",
       "      <td>0.822780</td>\n",
       "      <td>0.429404</td>\n",
       "      <td>0.112547</td>\n",
       "    </tr>\n",
       "    <tr>\n",
       "      <th>NFLX</th>\n",
       "      <td>0.405605</td>\n",
       "      <td>0.421572</td>\n",
       "      <td>0.863456</td>\n",
       "      <td>-0.843255</td>\n",
       "      <td>0.865546</td>\n",
       "      <td>-0.593406</td>\n",
       "      <td>-0.643732</td>\n",
       "      <td>-0.009288</td>\n",
       "      <td>0.541729</td>\n",
       "      <td>-0.335390</td>\n",
       "      <td>0.488148</td>\n",
       "      <td>1.000000</td>\n",
       "      <td>0.512008</td>\n",
       "      <td>0.909455</td>\n",
       "      <td>0.658573</td>\n",
       "      <td>0.865973</td>\n",
       "      <td>0.807616</td>\n",
       "    </tr>\n",
       "    <tr>\n",
       "      <th>NKE</th>\n",
       "      <td>0.220669</td>\n",
       "      <td>0.369647</td>\n",
       "      <td>0.814976</td>\n",
       "      <td>-0.560145</td>\n",
       "      <td>0.644872</td>\n",
       "      <td>-0.061519</td>\n",
       "      <td>-0.396086</td>\n",
       "      <td>0.004947</td>\n",
       "      <td>0.390258</td>\n",
       "      <td>-0.572344</td>\n",
       "      <td>0.349507</td>\n",
       "      <td>0.512008</td>\n",
       "      <td>1.000000</td>\n",
       "      <td>0.623235</td>\n",
       "      <td>0.614519</td>\n",
       "      <td>0.456604</td>\n",
       "      <td>0.496060</td>\n",
       "    </tr>\n",
       "    <tr>\n",
       "      <th>SNA</th>\n",
       "      <td>0.531745</td>\n",
       "      <td>0.530948</td>\n",
       "      <td>0.888772</td>\n",
       "      <td>-0.803660</td>\n",
       "      <td>0.929751</td>\n",
       "      <td>-0.516903</td>\n",
       "      <td>-0.576727</td>\n",
       "      <td>0.089454</td>\n",
       "      <td>0.584652</td>\n",
       "      <td>-0.397315</td>\n",
       "      <td>0.598180</td>\n",
       "      <td>0.909455</td>\n",
       "      <td>0.623235</td>\n",
       "      <td>1.000000</td>\n",
       "      <td>0.780032</td>\n",
       "      <td>0.865493</td>\n",
       "      <td>0.765576</td>\n",
       "    </tr>\n",
       "    <tr>\n",
       "      <th>SPY</th>\n",
       "      <td>0.798963</td>\n",
       "      <td>0.823146</td>\n",
       "      <td>0.711808</td>\n",
       "      <td>-0.442384</td>\n",
       "      <td>0.800990</td>\n",
       "      <td>-0.081913</td>\n",
       "      <td>-0.042421</td>\n",
       "      <td>0.550168</td>\n",
       "      <td>0.433861</td>\n",
       "      <td>-0.371149</td>\n",
       "      <td>0.822780</td>\n",
       "      <td>0.658573</td>\n",
       "      <td>0.614519</td>\n",
       "      <td>0.780032</td>\n",
       "      <td>1.000000</td>\n",
       "      <td>0.604717</td>\n",
       "      <td>0.403187</td>\n",
       "    </tr>\n",
       "    <tr>\n",
       "      <th>WMT</th>\n",
       "      <td>0.386076</td>\n",
       "      <td>0.295066</td>\n",
       "      <td>0.761627</td>\n",
       "      <td>-0.711555</td>\n",
       "      <td>0.883638</td>\n",
       "      <td>-0.490834</td>\n",
       "      <td>-0.622748</td>\n",
       "      <td>-0.084597</td>\n",
       "      <td>0.610449</td>\n",
       "      <td>-0.175626</td>\n",
       "      <td>0.429404</td>\n",
       "      <td>0.865973</td>\n",
       "      <td>0.456604</td>\n",
       "      <td>0.865493</td>\n",
       "      <td>0.604717</td>\n",
       "      <td>1.000000</td>\n",
       "      <td>0.825508</td>\n",
       "    </tr>\n",
       "    <tr>\n",
       "      <th>XOM</th>\n",
       "      <td>0.087509</td>\n",
       "      <td>0.020497</td>\n",
       "      <td>0.769777</td>\n",
       "      <td>-0.779646</td>\n",
       "      <td>0.750755</td>\n",
       "      <td>-0.492617</td>\n",
       "      <td>-0.746425</td>\n",
       "      <td>-0.397704</td>\n",
       "      <td>0.698313</td>\n",
       "      <td>-0.179201</td>\n",
       "      <td>0.112547</td>\n",
       "      <td>0.807616</td>\n",
       "      <td>0.496060</td>\n",
       "      <td>0.765576</td>\n",
       "      <td>0.403187</td>\n",
       "      <td>0.825508</td>\n",
       "      <td>1.000000</td>\n",
       "    </tr>\n",
       "  </tbody>\n",
       "</table>\n",
       "</div>"
      ],
      "text/plain": [
       "           AAPL       AMD        BA       BAX     BRK-B       DPZ       GME  \\\n",
       "AAPL   1.000000  0.862938  0.335727 -0.277961  0.481943 -0.232771  0.153796   \n",
       "AMD    0.862938  1.000000  0.468489 -0.309474  0.514469 -0.132231  0.154640   \n",
       "BA     0.335727  0.468489  1.000000 -0.843301  0.880666 -0.396765 -0.622070   \n",
       "BAX   -0.277961 -0.309474 -0.843301  1.000000 -0.682204  0.741350  0.792646   \n",
       "BRK-B  0.481943  0.514469  0.880666 -0.682204  1.000000 -0.353732 -0.490431   \n",
       "DPZ   -0.232771 -0.132231 -0.396765  0.741350 -0.353732  1.000000  0.715711   \n",
       "GME    0.153796  0.154640 -0.622070  0.792646 -0.490431  0.715711  1.000000   \n",
       "GOOG   0.753880  0.795204 -0.037729  0.204568  0.124463  0.150755  0.540617   \n",
       "GS    -0.007986 -0.045608  0.552069 -0.364400  0.603726  0.047396 -0.321681   \n",
       "MOH   -0.265088 -0.549303 -0.551665  0.477856 -0.387156  0.226813  0.255318   \n",
       "MSFT   0.900011  0.926001  0.473495 -0.345095  0.597396 -0.252546  0.030678   \n",
       "NFLX   0.405605  0.421572  0.863456 -0.843255  0.865546 -0.593406 -0.643732   \n",
       "NKE    0.220669  0.369647  0.814976 -0.560145  0.644872 -0.061519 -0.396086   \n",
       "SNA    0.531745  0.530948  0.888772 -0.803660  0.929751 -0.516903 -0.576727   \n",
       "SPY    0.798963  0.823146  0.711808 -0.442384  0.800990 -0.081913 -0.042421   \n",
       "WMT    0.386076  0.295066  0.761627 -0.711555  0.883638 -0.490834 -0.622748   \n",
       "XOM    0.087509  0.020497  0.769777 -0.779646  0.750755 -0.492617 -0.746425   \n",
       "\n",
       "           GOOG        GS       MOH      MSFT      NFLX       NKE       SNA  \\\n",
       "AAPL   0.753880 -0.007986 -0.265088  0.900011  0.405605  0.220669  0.531745   \n",
       "AMD    0.795204 -0.045608 -0.549303  0.926001  0.421572  0.369647  0.530948   \n",
       "BA    -0.037729  0.552069 -0.551665  0.473495  0.863456  0.814976  0.888772   \n",
       "BAX    0.204568 -0.364400  0.477856 -0.345095 -0.843255 -0.560145 -0.803660   \n",
       "BRK-B  0.124463  0.603726 -0.387156  0.597396  0.865546  0.644872  0.929751   \n",
       "DPZ    0.150755  0.047396  0.226813 -0.252546 -0.593406 -0.061519 -0.516903   \n",
       "GME    0.540617 -0.321681  0.255318  0.030678 -0.643732 -0.396086 -0.576727   \n",
       "GOOG   1.000000 -0.366027 -0.247372  0.786978 -0.009288  0.004947  0.089454   \n",
       "GS    -0.366027  1.000000  0.141737 -0.070835  0.541729  0.390258  0.584652   \n",
       "MOH   -0.247372  0.141737  1.000000 -0.475458 -0.335390 -0.572344 -0.397315   \n",
       "MSFT   0.786978 -0.070835 -0.475458  1.000000  0.488148  0.349507  0.598180   \n",
       "NFLX  -0.009288  0.541729 -0.335390  0.488148  1.000000  0.512008  0.909455   \n",
       "NKE    0.004947  0.390258 -0.572344  0.349507  0.512008  1.000000  0.623235   \n",
       "SNA    0.089454  0.584652 -0.397315  0.598180  0.909455  0.623235  1.000000   \n",
       "SPY    0.550168  0.433861 -0.371149  0.822780  0.658573  0.614519  0.780032   \n",
       "WMT   -0.084597  0.610449 -0.175626  0.429404  0.865973  0.456604  0.865493   \n",
       "XOM   -0.397704  0.698313 -0.179201  0.112547  0.807616  0.496060  0.765576   \n",
       "\n",
       "            SPY       WMT       XOM  \n",
       "AAPL   0.798963  0.386076  0.087509  \n",
       "AMD    0.823146  0.295066  0.020497  \n",
       "BA     0.711808  0.761627  0.769777  \n",
       "BAX   -0.442384 -0.711555 -0.779646  \n",
       "BRK-B  0.800990  0.883638  0.750755  \n",
       "DPZ   -0.081913 -0.490834 -0.492617  \n",
       "GME   -0.042421 -0.622748 -0.746425  \n",
       "GOOG   0.550168 -0.084597 -0.397704  \n",
       "GS     0.433861  0.610449  0.698313  \n",
       "MOH   -0.371149 -0.175626 -0.179201  \n",
       "MSFT   0.822780  0.429404  0.112547  \n",
       "NFLX   0.658573  0.865973  0.807616  \n",
       "NKE    0.614519  0.456604  0.496060  \n",
       "SNA    0.780032  0.865493  0.765576  \n",
       "SPY    1.000000  0.604717  0.403187  \n",
       "WMT    0.604717  1.000000  0.825508  \n",
       "XOM    0.403187  0.825508  1.000000  "
      ]
     },
     "execution_count": 21,
     "metadata": {},
     "output_type": "execute_result"
    }
   ],
   "source": [
    "df_corr = df.corr()\n",
    "df_corr"
   ]
  },
  {
   "attachments": {},
   "cell_type": "markdown",
   "metadata": {},
   "source": [
    "<h3><li> Select higher correletion stocks </li></h3>"
   ]
  },
  {
   "cell_type": "code",
   "execution_count": 28,
   "metadata": {},
   "outputs": [
    {
     "data": {
      "text/plain": [
       "<Axes: >"
      ]
     },
     "execution_count": 28,
     "metadata": {},
     "output_type": "execute_result"
    },
    {
     "data": {
