{
 "cells": [
  {
   "cell_type": "code",
   "execution_count": 51,
   "metadata": {},
   "outputs": [
    {
     "name": "stdout",
     "output_type": "stream",
     "text": [
      "[*********************100%***********************]  17 of 17 completed\n"
     ]
    },
    {
     "data": {
      "text/html": [
       "<div>\n",
       "<style scoped>\n",
       "    .dataframe tbody tr th:only-of-type {\n",
       "        vertical-align: middle;\n",
       "    }\n",
       "\n",
       "    .dataframe tbody tr th {\n",
       "        vertical-align: top;\n",
       "    }\n",
       "\n",
       "    .dataframe thead th {\n",
       "        text-align: right;\n",
       "    }\n",
       "</style>\n",
       "<table border=\"1\" class=\"dataframe\">\n",
       "  <thead>\n",
       "    <tr style=\"text-align: right;\">\n",
       "      <th></th>\n",
       "      <th>AAPL</th>\n",
       "      <th>AMD</th>\n",
       "      <th>BAX</th>\n",
       "      <th>BRK-B</th>\n",
       "      <th>DPZ</th>\n",
       "      <th>GME</th>\n",
       "      <th>GOOG</th>\n",
       "      <th>GS</th>\n",
       "      <th>META</th>\n",
       "      <th>MOH</th>\n",
       "      <th>MSFT</th>\n",
       "      <th>NFLX</th>\n",
       "      <th>NKE</th>\n",
       "      <th>SNA</th>\n",
       "      <th>SPY</th>\n",
       "      <th>UNH</th>\n",
       "      <th>XOM</th>\n",
       "    </tr>\n",
       "    <tr>\n",
       "      <th>Date</th>\n",
       "      <th></th>\n",
       "      <th></th>\n",
       "      <th></th>\n",
       "      <th></th>\n",
       "      <th></th>\n",
       "      <th></th>\n",
       "      <th></th>\n",
       "      <th></th>\n",
       "      <th></th>\n",
       "      <th></th>\n",
       "      <th></th>\n",
       "      <th></th>\n",
       "      <th></th>\n",
       "      <th></th>\n",
       "      <th></th>\n",
       "      <th></th>\n",
       "      <th></th>\n",
       "    </tr>\n",
       "  </thead>\n",
       "  <tbody>\n",
       "    <tr>\n",
       "      <th>2023-06-16</th>\n",
       "      <td>184.919998</td>\n",
       "      <td>120.080002</td>\n",
       "      <td>45.360001</td>\n",
       "      <td>338.309998</td>\n",
       "      <td>331.410004</td>\n",
       "      <td>24.559999</td>\n",
       "      <td>124.059998</td>\n",
       "      <td>338.309998</td>\n",
       "      <td>281.000000</td>\n",
       "      <td>278.019989</td>\n",
       "      <td>342.329987</td>\n",
       "      <td>431.959991</td>\n",
       "      <td>113.589996</td>\n",
       "      <td>273.869995</td>\n",
       "      <td>439.459991</td>\n",
       "      <td>458.489990</td>\n",
       "      <td>105.129997</td>\n",
       "    </tr>\n",
       "    <tr>\n",
       "      <th>2023-06-20</th>\n",
       "      <td>185.009995</td>\n",
       "      <td>118.930000</td>\n",
       "      <td>44.939999</td>\n",
       "      <td>338.670013</td>\n",
       "      <td>325.540009</td>\n",
       "      <td>24.580000</td>\n",
       "      <td>123.849998</td>\n",
       "      <td>330.720001</td>\n",
       "      <td>284.329987</td>\n",
       "      <td>278.809998</td>\n",
       "      <td>338.049988</td>\n",
       "      <td>434.700012</td>\n",
       "      <td>109.540001</td>\n",
       "      <td>273.019989</td>\n",
       "      <td>437.179993</td>\n",
       "      <td>469.390015</td>\n",
       "      <td>102.720001</td>\n",
       "    </tr>\n",
       "    <tr>\n",
       "      <th>2023-06-21</th>\n",
       "      <td>183.960007</td>\n",
       "      <td>112.110001</td>\n",
       "      <td>44.840000</td>\n",
       "      <td>338.609985</td>\n",
       "      <td>323.109985</td>\n",
       "      <td>24.430000</td>\n",
       "      <td>121.260002</td>\n",
       "      <td>325.070007</td>\n",
       "      <td>281.640015</td>\n",
       "      <td>283.000000</td>\n",
       "      <td>333.559998</td>\n",
       "      <td>424.450012</td>\n",
       "      <td>109.980003</td>\n",
       "      <td>272.880005</td>\n",
       "      <td>434.940002</td>\n",
       "      <td>476.750000</td>\n",
       "      <td>103.870003</td>\n",
       "    </tr>\n",
       "    <tr>\n",
       "      <th>2023-06-22</th>\n",
       "      <td>187.000000</td>\n",
       "      <td>110.699997</td>\n",
       "      <td>45.250000</td>\n",
       "      <td>336.959991</td>\n",
       "      <td>321.040009</td>\n",
       "      <td>24.320000</td>\n",
       "      <td>123.870003</td>\n",
       "      <td>319.579987</td>\n",
       "      <td>284.880005</td>\n",
       "      <td>287.429993</td>\n",
       "      <td>339.709991</td>\n",
       "      <td>422.480011</td>\n",
       "      <td>110.459999</td>\n",
       "      <td>273.540009</td>\n",
       "      <td>436.510010</td>\n",
       "      <td>479.049988</td>\n",
       "      <td>103.300003</td>\n",
       "    </tr>\n",
       "    <tr>\n",
       "      <th>2023-06-23</th>\n",
       "      <td>186.679993</td>\n",
       "      <td>110.010002</td>\n",
       "      <td>45.040001</td>\n",
       "      <td>335.250000</td>\n",
       "      <td>316.820007</td>\n",
       "      <td>23.700001</td>\n",
       "      <td>123.019997</td>\n",
       "      <td>314.709991</td>\n",
       "      <td>288.730011</td>\n",
       "      <td>287.940002</td>\n",
       "      <td>335.019989</td>\n",
       "      <td>424.019989</td>\n",
       "      <td>109.519997</td>\n",
       "      <td>273.619995</td>\n",
       "      <td>433.309998</td>\n",
       "      <td>477.000000</td>\n",
       "      <td>102.400002</td>\n",
       "    </tr>\n",
       "  </tbody>\n",
       "</table>\n",
       "</div>"
      ],
      "text/plain": [
       "                  AAPL         AMD        BAX       BRK-B         DPZ  \\\n",
       "Date                                                                    \n",
       "2023-06-16  184.919998  120.080002  45.360001  338.309998  331.410004   \n",
       "2023-06-20  185.009995  118.930000  44.939999  338.670013  325.540009   \n",
       "2023-06-21  183.960007  112.110001  44.840000  338.609985  323.109985   \n",
       "2023-06-22  187.000000  110.699997  45.250000  336.959991  321.040009   \n",
       "2023-06-23  186.679993  110.010002  45.040001  335.250000  316.820007   \n",
       "\n",
       "                  GME        GOOG          GS        META         MOH  \\\n",
       "Date                                                                    \n",
       "2023-06-16  24.559999  124.059998  338.309998  281.000000  278.019989   \n",
       "2023-06-20  24.580000  123.849998  330.720001  284.329987  278.809998   \n",
       "2023-06-21  24.430000  121.260002  325.070007  281.640015  283.000000   \n",
       "2023-06-22  24.320000  123.870003  319.579987  284.880005  287.429993   \n",
       "2023-06-23  23.700001  123.019997  314.709991  288.730011  287.940002   \n",
       "\n",
       "                  MSFT        NFLX         NKE         SNA         SPY  \\\n",
       "Date                                                                     \n",
       "2023-06-16  342.329987  431.959991  113.589996  273.869995  439.459991   \n",
       "2023-06-20  338.049988  434.700012  109.540001  273.019989  437.179993   \n",
       "2023-06-21  333.559998  424.450012  109.980003  272.880005  434.940002   \n",
       "2023-06-22  339.709991  422.480011  110.459999  273.540009  436.510010   \n",
       "2023-06-23  335.019989  424.019989  109.519997  273.619995  433.309998   \n",
       "\n",
       "                   UNH         XOM  \n",
       "Date                                \n",
       "2023-06-16  458.489990  105.129997  \n",
       "2023-06-20  469.390015  102.720001  \n",
       "2023-06-21  476.750000  103.870003  \n",
       "2023-06-22  479.049988  103.300003  \n",
       "2023-06-23  477.000000  102.400002  "
      ]
     },
     "execution_count": 51,
     "metadata": {},
     "output_type": "execute_result"
    }
   ],
   "source": [
    "import pandas as pd\n",
    "import numpy as np\n",
    "import matplotlib.pyplot as plt\n",
    "import datetime as dt\n",
    "from datetime import datetime\n",
    "import yfinance as yf\n",
    "import pandas_datareader as pdr\n",
    "\n",
    "tickers = [\"DPZ\", \"AAPL\", \"GOOG\", \"AMD\", \"GME\", \"SPY\", \"NFLX\", \"UNH\",\n",
    "           \"META\",\"SNA\",\"GS\",\"XOM\",\"NKE\",\"BAX\", \"MOH\",\"BRK-B\", \"MSFT\"] \n",
    "\n",
    "df = yf.download(tickers, datetime(2022, 6, 17), datetime.now())\n",
    "df = df['Adj Close']\n",
    "df.tail()\n"
   ]
  },
  {
   "cell_type": "code",
   "execution_count": 88,
   "metadata": {},
   "outputs": [],
   "source": [
    "from statsmodels.tsa.stattools import adfuller\n",
    "def stationarity(x, cutoff=0.05):\n",
    "    pvalue = adfuller(x)[1]\n",
    "    if pvalue < cutoff:\n",
    "        print('The pvalue is: ', pvalue, ' is likely stationary')\n",
    "    else:\n",
    "        print('The pvalue is: ', pvalue, ' is likely non stationary')"
   ]
  },
  {
   "cell_type": "code",
   "execution_count": 53,
   "metadata": {},
   "outputs": [
    {
     "data": {
      "text/html": [
       "<div>\n",
       "<style scoped>\n",
       "    .dataframe tbody tr th:only-of-type {\n",
       "        vertical-align: middle;\n",
       "    }\n",
       "\n",
       "    .dataframe tbody tr th {\n",
       "        vertical-align: top;\n",
       "    }\n",
       "\n",
       "    .dataframe thead th {\n",
       "        text-align: right;\n",
       "    }\n",
       "</style>\n",
       "<table border=\"1\" class=\"dataframe\">\n",
       "  <thead>\n",
       "    <tr style=\"text-align: right;\">\n",
       "      <th></th>\n",
       "      <th>AAPL</th>\n",
       "      <th>AMD</th>\n",
       "      <th>BAX</th>\n",
       "      <th>BRK-B</th>\n",
       "      <th>DPZ</th>\n",
       "      <th>GME</th>\n",
       "      <th>GOOG</th>\n",
       "      <th>GS</th>\n",
       "      <th>META</th>\n",
       "      <th>MOH</th>\n",
       "      <th>MSFT</th>\n",
       "      <th>NFLX</th>\n",
       "      <th>NKE</th>\n",
       "      <th>SNA</th>\n",
       "      <th>SPY</th>\n",
       "      <th>UNH</th>\n",
       "      <th>XOM</th>\n",
       "    </tr>\n",
       "  </thead>\n",
       "  <tbody>\n",
       "    <tr>\n",
       "      <th>AAPL</th>\n",
       "      <td>1.000000</td>\n",
       "      <td>0.869542</td>\n",
       "      <td>-0.287811</td>\n",
       "      <td>0.516169</td>\n",
       "      <td>-0.246847</td>\n",
       "      <td>0.141440</td>\n",
       "      <td>0.766250</td>\n",
       "      <td>-0.019710</td>\n",
       "      <td>0.838151</td>\n",
       "      <td>-0.282885</td>\n",
       "      <td>0.908321</td>\n",
       "      <td>0.450468</td>\n",
       "      <td>0.207980</td>\n",
       "      <td>0.565552</td>\n",
       "      <td>0.814711</td>\n",
       "      <td>-0.209283</td>\n",
       "      <td>0.087206</td>\n",
       "    </tr>\n",
       "    <tr>\n",
       "      <th>AMD</th>\n",
       "      <td>0.869542</td>\n",
       "      <td>1.000000</td>\n",
       "      <td>-0.318076</td>\n",
       "      <td>0.540265</td>\n",
       "      <td>-0.147349</td>\n",
       "      <td>0.146034</td>\n",
       "      <td>0.804475</td>\n",
       "      <td>-0.052976</td>\n",
       "      <td>0.882647</td>\n",
       "      <td>-0.556356</td>\n",
       "      <td>0.927987</td>\n",
       "      <td>0.455885</td>\n",
       "      <td>0.357160</td>\n",
       "      <td>0.557403</td>\n",
       "      <td>0.832769</td>\n",
       "      <td>-0.383825</td>\n",
       "      <td>0.022582</td>\n",
       "    </tr>\n",
       "    <tr>\n",
       "      <th>BAX</th>\n",
       "      <td>-0.287811</td>\n",
       "      <td>-0.318076</td>\n",
       "      <td>1.000000</td>\n",
       "      <td>-0.679169</td>\n",
       "      <td>0.742989</td>\n",
       "      <td>0.791665</td>\n",
       "      <td>0.183121</td>\n",
       "      <td>-0.359595</td>\n",
       "      <td>-0.467495</td>\n",
       "      <td>0.481967</td>\n",
       "      <td>-0.351634</td>\n",
       "      <td>-0.830979</td>\n",
       "      <td>-0.557393</td>\n",
       "      <td>-0.794449</td>\n",
       "      <td>-0.445298</td>\n",
       "      <td>0.635880</td>\n",
       "      <td>-0.778120</td>\n",
       "    </tr>\n",
       "    <tr>\n",
       "      <th>BRK-B</th>\n",
       "      <td>0.516169</td>\n",
       "      <td>0.540265</td>\n",
       "      <td>-0.679169</td>\n",
       "      <td>1.000000</td>\n",
       "      <td>-0.362612</td>\n",
       "      <td>-0.481173</td>\n",
       "      <td>0.167868</td>\n",
       "      <td>0.576020</td>\n",
       "      <td>0.568052</td>\n",
       "      <td>-0.399375</td>\n",
       "      <td>0.624622</td>\n",
       "      <td>0.873640</td>\n",
       "      <td>0.623331</td>\n",
       "      <td>0.933793</td>\n",
       "      <td>0.813414</td>\n",
       "      <td>-0.353746</td>\n",
       "      <td>0.732014</td>\n",
       "    </tr>\n",
       "    <tr>\n",
       "      <th>DPZ</th>\n",
       "      <td>-0.246847</td>\n",
       "      <td>-0.147349</td>\n",
       "      <td>0.742989</td>\n",
       "      <td>-0.362612</td>\n",
       "      <td>1.000000</td>\n",
       "      <td>0.714715</td>\n",
       "      <td>0.128854</td>\n",
       "      <td>0.051112</td>\n",
       "      <td>-0.417970</td>\n",
       "      <td>0.233640</td>\n",
       "      <td>-0.265750</td>\n",
       "      <td>-0.592567</td>\n",
       "      <td>-0.060188</td>\n",
       "      <td>-0.519820</td>\n",
       "      <td>-0.102201</td>\n",
       "      <td>0.544395</td>\n",
       "      <td>-0.491685</td>\n",
       "    </tr>\n",
       "    <tr>\n",
       "      <th>GME</th>\n",
       "      <td>0.141440</td>\n",
       "      <td>0.146034</td>\n",
       "      <td>0.791665</td>\n",
       "      <td>-0.481173</td>\n",
       "      <td>0.714715</td>\n",
       "      <td>1.000000</td>\n",
       "      <td>0.524104</td>\n",
       "      <td>-0.320106</td>\n",
       "      <td>-0.120608</td>\n",
       "      <td>0.255908</td>\n",
       "      <td>0.023075</td>\n",
       "      <td>-0.625759</td>\n",
       "      <td>-0.395680</td>\n",
       "      <td>-0.562721</td>\n",
       "      <td>-0.046498</td>\n",
       "      <td>0.503689</td>\n",
       "      <td>-0.746392</td>\n",
       "    </tr>\n",
       "    <tr>\n",
       "      <th>GOOG</th>\n",
       "      <td>0.766250</td>\n",
       "      <td>0.804475</td>\n",
       "      <td>0.183121</td>\n",
       "      <td>0.167868</td>\n",
       "      <td>0.128854</td>\n",
       "      <td>0.524104</td>\n",
       "      <td>1.000000</td>\n",
       "      <td>-0.366138</td>\n",
       "      <td>0.708022</td>\n",
       "      <td>-0.262819</td>\n",
       "      <td>0.796972</td>\n",
       "      <td>0.047115</td>\n",
       "      <td>0.002186</td>\n",
       "      <td>0.138152</td>\n",
       "      <td>0.574945</td>\n",
       "      <td>-0.097536</td>\n",
       "      <td>-0.386422</td>\n",
       "    </tr>\n",
       "    <tr>\n",
       "      <th>GS</th>\n",
       "      <td>-0.019710</td>\n",
       "      <td>-0.052976</td>\n",
       "      <td>-0.359595</td>\n",
       "      <td>0.576020</td>\n",
       "      <td>0.051112</td>\n",
       "      <td>-0.320106</td>\n",
       "      <td>-0.366138</td>\n",
       "      <td>1.000000</td>\n",
       "      <td>-0.189239</td>\n",
       "      <td>0.144683</td>\n",
       "      <td>-0.079885</td>\n",
       "      <td>0.510481</td>\n",
       "      <td>0.390209</td>\n",
       "      <td>0.553667</td>\n",
       "      <td>0.404810</td>\n",
       "      <td>0.115686</td>\n",
       "      <td>0.696882</td>\n",
       "    </tr>\n",
       "    <tr>\n",
       "      <th>META</th>\n",
       "      <td>0.838151</td>\n",
       "      <td>0.882647</td>\n",
       "      <td>-0.467495</td>\n",
       "      <td>0.568052</td>\n",
       "      <td>-0.417970</td>\n",
       "      <td>-0.120608</td>\n",
       "      <td>0.708022</td>\n",
       "      <td>-0.189239</td>\n",
       "      <td>1.000000</td>\n",
       "      <td>-0.635986</td>\n",
       "      <td>0.937831</td>\n",
       "      <td>0.542039</td>\n",
       "      <td>0.403036</td>\n",
       "      <td>0.625582</td>\n",
       "      <td>0.746116</td>\n",
       "      <td>-0.584040</td>\n",
       "      <td>0.138466</td>\n",
       "    </tr>\n",
       "    <tr>\n",
       "      <th>MOH</th>\n",
       "      <td>-0.282885</td>\n",
       "      <td>-0.556356</td>\n",
       "      <td>0.481967</td>\n",
       "      <td>-0.399375</td>\n",
       "      <td>0.233640</td>\n",
       "      <td>0.255908</td>\n",
       "      <td>-0.262819</td>\n",
       "      <td>0.144683</td>\n",
       "      <td>-0.635986</td>\n",
       "      <td>1.000000</td>\n",
       "      <td>-0.483049</td>\n",
       "      <td>-0.349983</td>\n",
       "      <td>-0.567554</td>\n",
       "      <td>-0.409161</td>\n",
       "      <td>-0.384225</td>\n",
       "      <td>0.789837</td>\n",
       "      <td>-0.179406</td>\n",
       "    </tr>\n",
       "    <tr>\n",
       "      <th>MSFT</th>\n",
       "      <td>0.908321</td>\n",
       "      <td>0.927987</td>\n",
       "      <td>-0.351634</td>\n",
       "      <td>0.624622</td>\n",
       "      <td>-0.265750</td>\n",
       "      <td>0.023075</td>\n",
       "      <td>0.796972</td>\n",
       "      <td>-0.079885</td>\n",
       "      <td>0.937831</td>\n",
       "      <td>-0.483049</td>\n",
       "      <td>1.000000</td>\n",
       "      <td>0.528496</td>\n",
       "      <td>0.329893</td>\n",
       "      <td>0.628217</td>\n",
       "      <td>0.837262</td>\n",
       "      <td>-0.358754</td>\n",
       "      <td>0.110932</td>\n",
       "    </tr>\n",
       "    <tr>\n",
       "      <th>NFLX</th>\n",
       "      <td>0.450468</td>\n",
       "      <td>0.455885</td>\n",
       "      <td>-0.830979</td>\n",
       "      <td>0.873640</td>\n",
       "      <td>-0.592567</td>\n",
       "      <td>-0.625759</td>\n",
       "      <td>0.047115</td>\n",
       "      <td>0.510481</td>\n",
       "      <td>0.542039</td>\n",
       "      <td>-0.349983</td>\n",
       "      <td>0.528496</td>\n",
       "      <td>1.000000</td>\n",
       "      <td>0.489966</td>\n",
       "      <td>0.915535</td>\n",
       "      <td>0.683857</td>\n",
       "      <td>-0.480304</td>\n",
       "      <td>0.781342</td>\n",
       "    </tr>\n",
       "    <tr>\n",
       "      <th>NKE</th>\n",
       "      <td>0.207980</td>\n",
       "      <td>0.357160</td>\n",
       "      <td>-0.557393</td>\n",
       "      <td>0.623331</td>\n",
       "      <td>-0.060188</td>\n",
       "      <td>-0.395680</td>\n",
       "      <td>0.002186</td>\n",
       "      <td>0.390209</td>\n",
       "      <td>0.403036</td>\n",
       "      <td>-0.567554</td>\n",
       "      <td>0.329893</td>\n",
       "      <td>0.489966</td>\n",
       "      <td>1.000000</td>\n",
       "      <td>0.599139</td>\n",
       "      <td>0.586679</td>\n",
       "      <td>-0.475239</td>\n",
       "      <td>0.495839</td>\n",
       "    </tr>\n",
       "    <tr>\n",
       "      <th>SNA</th>\n",
       "      <td>0.565552</td>\n",
       "      <td>0.557403</td>\n",
       "      <td>-0.794449</td>\n",
       "      <td>0.933793</td>\n",
       "      <td>-0.519820</td>\n",
       "      <td>-0.562721</td>\n",
       "      <td>0.138152</td>\n",
       "      <td>0.553667</td>\n",
       "      <td>0.625582</td>\n",
       "      <td>-0.409161</td>\n",
       "      <td>0.628217</td>\n",
       "      <td>0.915535</td>\n",
       "      <td>0.599139</td>\n",
       "      <td>1.000000</td>\n",
       "      <td>0.795452</td>\n",
       "      <td>-0.499777</td>\n",
       "      <td>0.742975</td>\n",
       "    </tr>\n",
       "    <tr>\n",
       "      <th>SPY</th>\n",
       "      <td>0.814711</td>\n",
       "      <td>0.832769</td>\n",
       "      <td>-0.445298</td>\n",
       "      <td>0.813414</td>\n",
       "      <td>-0.102201</td>\n",
       "      <td>-0.046498</td>\n",
       "      <td>0.574945</td>\n",
       "      <td>0.404810</td>\n",
       "      <td>0.746116</td>\n",
       "      <td>-0.384225</td>\n",
       "      <td>0.837262</td>\n",
       "      <td>0.683857</td>\n",
       "      <td>0.586679</td>\n",
       "      <td>0.795452</td>\n",
       "      <td>1.000000</td>\n",
       "      <td>-0.259190</td>\n",
       "      <td>0.390519</td>\n",
       "    </tr>\n",
       "    <tr>\n",
       "      <th>UNH</th>\n",
       "      <td>-0.209283</td>\n",
       "      <td>-0.383825</td>\n",
       "      <td>0.635880</td>\n",
       "      <td>-0.353746</td>\n",
       "      <td>0.544395</td>\n",
       "      <td>0.503689</td>\n",
       "      <td>-0.097536</td>\n",
       "      <td>0.115686</td>\n",
       "      <td>-0.584040</td>\n",
       "      <td>0.789837</td>\n",
       "      <td>-0.358754</td>\n",
       "      <td>-0.480304</td>\n",
       "      <td>-0.475239</td>\n",
       "      <td>-0.499777</td>\n",
       "      <td>-0.259190</td>\n",
       "      <td>1.000000</td>\n",
       "      <td>-0.292072</td>\n",
       "    </tr>\n",
       "    <tr>\n",
       "      <th>XOM</th>\n",
       "      <td>0.087206</td>\n",
       "      <td>0.022582</td>\n",
       "      <td>-0.778120</td>\n",
       "      <td>0.732014</td>\n",
       "      <td>-0.491685</td>\n",
       "      <td>-0.746392</td>\n",
       "      <td>-0.386422</td>\n",
       "      <td>0.696882</td>\n",
       "      <td>0.138466</td>\n",
       "      <td>-0.179406</td>\n",
       "      <td>0.110932</td>\n",
       "      <td>0.781342</td>\n",
       "      <td>0.495839</td>\n",
       "      <td>0.742975</td>\n",
       "      <td>0.390519</td>\n",
       "      <td>-0.292072</td>\n",
       "      <td>1.000000</td>\n",
       "    </tr>\n",
       "  </tbody>\n",
       "</table>\n",
       "</div>"
      ],
      "text/plain": [
       "           AAPL       AMD       BAX     BRK-B       DPZ       GME      GOOG  \\\n",
       "AAPL   1.000000  0.869542 -0.287811  0.516169 -0.246847  0.141440  0.766250   \n",
       "AMD    0.869542  1.000000 -0.318076  0.540265 -0.147349  0.146034  0.804475   \n",
       "BAX   -0.287811 -0.318076  1.000000 -0.679169  0.742989  0.791665  0.183121   \n",
       "BRK-B  0.516169  0.540265 -0.679169  1.000000 -0.362612 -0.481173  0.167868   \n",
       "DPZ   -0.246847 -0.147349  0.742989 -0.362612  1.000000  0.714715  0.128854   \n",
       "GME    0.141440  0.146034  0.791665 -0.481173  0.714715  1.000000  0.524104   \n",
       "GOOG   0.766250  0.804475  0.183121  0.167868  0.128854  0.524104  1.000000   \n",
       "GS    -0.019710 -0.052976 -0.359595  0.576020  0.051112 -0.320106 -0.366138   \n",
       "META   0.838151  0.882647 -0.467495  0.568052 -0.417970 -0.120608  0.708022   \n",
       "MOH   -0.282885 -0.556356  0.481967 -0.399375  0.233640  0.255908 -0.262819   \n",
       "MSFT   0.908321  0.927987 -0.351634  0.624622 -0.265750  0.023075  0.796972   \n",
       "NFLX   0.450468  0.455885 -0.830979  0.873640 -0.592567 -0.625759  0.047115   \n",
       "NKE    0.207980  0.357160 -0.557393  0.623331 -0.060188 -0.395680  0.002186   \n",
       "SNA    0.565552  0.557403 -0.794449  0.933793 -0.519820 -0.562721  0.138152   \n",
       "SPY    0.814711  0.832769 -0.445298  0.813414 -0.102201 -0.046498  0.574945   \n",
       "UNH   -0.209283 -0.383825  0.635880 -0.353746  0.544395  0.503689 -0.097536   \n",
       "XOM    0.087206  0.022582 -0.778120  0.732014 -0.491685 -0.746392 -0.386422   \n",
       "\n",
       "             GS      META       MOH      MSFT      NFLX       NKE       SNA  \\\n",
       "AAPL  -0.019710  0.838151 -0.282885  0.908321  0.450468  0.207980  0.565552   \n",
       "AMD   -0.052976  0.882647 -0.556356  0.927987  0.455885  0.357160  0.557403   \n",
       "BAX   -0.359595 -0.467495  0.481967 -0.351634 -0.830979 -0.557393 -0.794449   \n",
       "BRK-B  0.576020  0.568052 -0.399375  0.624622  0.873640  0.623331  0.933793   \n",
       "DPZ    0.051112 -0.417970  0.233640 -0.265750 -0.592567 -0.060188 -0.519820   \n",
       "GME   -0.320106 -0.120608  0.255908  0.023075 -0.625759 -0.395680 -0.562721   \n",
       "GOOG  -0.366138  0.708022 -0.262819  0.796972  0.047115  0.002186  0.138152   \n",
       "GS     1.000000 -0.189239  0.144683 -0.079885  0.510481  0.390209  0.553667   \n",
       "META  -0.189239  1.000000 -0.635986  0.937831  0.542039  0.403036  0.625582   \n",
       "MOH    0.144683 -0.635986  1.000000 -0.483049 -0.349983 -0.567554 -0.409161   \n",
       "MSFT  -0.079885  0.937831 -0.483049  1.000000  0.528496  0.329893  0.628217   \n",
       "NFLX   0.510481  0.542039 -0.349983  0.528496  1.000000  0.489966  0.915535   \n",
       "NKE    0.390209  0.403036 -0.567554  0.329893  0.489966  1.000000  0.599139   \n",
       "SNA    0.553667  0.625582 -0.409161  0.628217  0.915535  0.599139  1.000000   \n",
       "SPY    0.404810  0.746116 -0.384225  0.837262  0.683857  0.586679  0.795452   \n",
       "UNH    0.115686 -0.584040  0.789837 -0.358754 -0.480304 -0.475239 -0.499777   \n",
       "XOM    0.696882  0.138466 -0.179406  0.110932  0.781342  0.495839  0.742975   \n",
       "\n",
       "            SPY       UNH       XOM  \n",
       "AAPL   0.814711 -0.209283  0.087206  \n",
       "AMD    0.832769 -0.383825  0.022582  \n",
       "BAX   -0.445298  0.635880 -0.778120  \n",
       "BRK-B  0.813414 -0.353746  0.732014  \n",
       "DPZ   -0.102201  0.544395 -0.491685  \n",
       "GME   -0.046498  0.503689 -0.746392  \n",
       "GOOG   0.574945 -0.097536 -0.386422  \n",
       "GS     0.404810  0.115686  0.696882  \n",
       "META   0.746116 -0.584040  0.138466  \n",
       "MOH   -0.384225  0.789837 -0.179406  \n",
       "MSFT   0.837262 -0.358754  0.110932  \n",
       "NFLX   0.683857 -0.480304  0.781342  \n",
       "NKE    0.586679 -0.475239  0.495839  \n",
       "SNA    0.795452 -0.499777  0.742975  \n",
       "SPY    1.000000 -0.259190  0.390519  \n",
       "UNH   -0.259190  1.000000 -0.292072  \n",
       "XOM    0.390519 -0.292072  1.000000  "
      ]
     },
     "execution_count": 53,
     "metadata": {},
     "output_type": "execute_result"
    }
   ],
   "source": [
    "df_corr = df.corr()\n",
    "df_corr"
   ]
  },
  {
   "attachments": {},
   "cell_type": "markdown",
   "metadata": {},
   "source": [
    "<h3><li> Select higher correletion stocks </li></h3>"
   ]
  },
  {
   "cell_type": "code",
   "execution_count": 54,
   "metadata": {},
   "outputs": [
    {
     "data": {
      "text/plain": [
       "<Axes: >"
      ]
     },
     "execution_count": 54,
     "metadata": {},
     "output_type": "execute_result"
    },
    {
     "data": {
